   0.476E-14   0.790E+01   0.101E+11   26.00   56.00    0.000
   0.491E-14   0.815E+01   0.101E+12   26.00   56.00    0.000
   0.699E-14   0.116E+02   0.121E+13   26.00   56.00    0.000
   0.990E-14   0.164E+02   0.250E+15   26.00   56.00    0.000
   0.272E-13   0.451E+02   0.227E+16   26.00   56.00    0.000
   0.127E-12   0.212E+03   0.290E+17   26.00   56.00    0.000
   0.693E-12   0.115E+04   0.527E+18   26.00   56.00    0.000
   0.630E-11   0.104E+05   0.161E+20   26.00   56.00    0.000    1.796
   0.158E-10   0.261E+05   0.669E+20   26.00   56.00    0.000    1.744
   0.397E-10   0.651E+05   0.286E+21   26.00   56.00    0.000    1.706
   0.998E-10   0.164E+06   0.136E+22   26.00   56.00    0.000    1.670
   0.251E-09   0.414E+06   0.585E+22   26.00   56.00    0.000    1.631
   0.629E-09   0.106E+07   0.256E+23   26.00   56.00    0.000    1.586
   0.158E-08   0.264E+07   0.104E+24   26.00   56.00    0.000    1.534
   0.397E-08   0.655E+07   0.405E+24   26.00   56.00    0.000    1.482

   0.500E-08   0.829E+07   0.526E+24   28.00   62.00    0.000    1.471
   0.998E-08   0.166E+08   0.144E+25   28.00   62.00    0.000    1.437
   0.199E-07   0.330E+08   0.383E+25   28.00   62.00    0.000    1.408
   0.397E-07   0.659E+08   0.101E+26   28.00   62.00    0.000    1.386
   0.792E-07   0.132E+09   0.260E+26   28.00   62.00    0.000    1.369
   0.158E-06   0.262E+09   0.668E+26   28.00   62.00    0.000    1.357
   0.199E-06   0.330E+09   0.874E+26   28.00   64.00    0.000    1.355
   0.315E-06   0.524E+09   0.163E+27   28.00   64.00    0.000    1.350
   0.500E-06   0.830E+09   0.303E+27   28.00   64.00    0.000    1.346
   0.629E-06   0.104E+10   0.413E+27   28.00   64.00    0.000    1.344
   0.792E-06   0.132E+10   0.504E+27   34.00   84.00    0.000    1.343
   0.998E-06   0.166E+10   0.686E+27   34.00   84.00    0.000    1.342
   0.158E-05   0.263E+10   0.127E+28   34.00   84.00    0.000    1.340
   0.251E-05   0.416E+10   0.236E+28   34.00   84.00    0.000    1.338
   0.397E-05   0.660E+10   0.436E+28   34.00   84.00    0.000    1.337
   0.500E-05   0.831E+10   0.566E+28   32.00   82.00    0.000    1.336
   0.629E-05   0.105E+11   0.770E+28   32.00   82.00    0.000    1.336
   0.792E-05   0.132E+11   0.105E+29   32.00   82.00    0.000    1.336
   0.998E-05   0.166E+11   0.143E+29   32.00   82.00    0.000    1.335
   0.126E-04   0.209E+11   0.194E+29   32.00   82.00    0.000    1.335
   0.158E-04   0.263E+11   0.250E+29   30.00   80.00    0.000    1.335
   0.199E-04   0.331E+11   0.340E+29   30.00   80.00    0.000    1.335
   0.251E-04   0.417E+11   0.463E+29   30.00   80.00    0.000    1.334
   0.316E-04   0.525E+11   0.595E+29   28.00   78.00    0.000    1.334
   0.397E-04   0.662E+11   0.809E+29   28.00   78.00    0.000    1.334
   0.500E-04   0.833E+11   0.110E+30   28.00   78.00    0.000    1.334
   0.629E-04   0.105E+12   0.149E+30   28.00   78.00    0.000    1.334
   0.792E-04   0.132E+12   0.203E+30   28.00   78.00    0.000    1.334
   0.998E-04   0.166E+12   0.260E+30   26.00   76.00    0.000    1.334
   0.111E-03   0.184E+12   0.289E+30   42.00  124.00    0.000    1.334
   0.126E-03   0.210E+12   0.329E+30   40.00  122.00    0.000    1.334
   0.158E-03   0.264E+12   0.447E+30   40.00  122.00    0.000    1.334
   0.199E-03   0.332E+12   0.582E+30   38.00  120.00    0.000    1.334
   0.209E-03   0.350E+12   0.621E+30   43.11  141.56    0.000    1.177    0.107
   0.221E-03   0.369E+12   0.643E+30   43.14  142.16    0.025    0.527    0.110
   0.231E-03   0.386E+12   0.658E+30   43.16  142.56    0.051    0.476    0.113
   0.264E-03   0.442E+12   0.699E+30   43.22  143.53    0.130    0.447    0.118
   0.305E-03   0.511E+12   0.747E+30   43.27  144.49    0.211    0.466    0.123
   0.353E-03   0.591E+12   0.801E+30   43.31  145.44    0.285    0.504    0.129
   0.408E-03   0.682E+12   0.864E+30   43.36  146.40    0.351    0.554    0.135
   0.468E-03   0.783E+12   0.937E+30   43.40  147.35    0.408    0.610    0.142
   0.534E-03   0.894E+12   0.102E+31   43.45  148.31    0.457    0.668    0.148
   0.606E-03   0.101E+13   0.111E+31   43.49  149.26    0.499    0.726    0.155
   0.766E-03   0.128E+13   0.134E+31   43.57  151.18    0.567    0.840    0.169
   0.105E-02   0.175E+13   0.178E+31   43.69  154.09    0.638    0.987    0.193
   0.126E-02   0.211E+13   0.215E+31   43.76  156.06    0.673    1.067    0.211
   0.162E-02   0.272E+13   0.286E+31   43.85  159.03    0.711    1.160    0.239
   0.204E-02   0.342E+13   0.375E+31   43.94  162.05    0.739    1.227    0.271
   0.267E-02   0.448E+13   0.527E+31   44.03  166.15    0.765    1.286    0.320
   0.341E-02   0.572E+13   0.723E+31   44.10  170.33    0.784    1.322    0.377
   0.447E-02   0.751E+13   0.104E+32   44.16  175.68    0.799    1.344    0.460
   0.573E-02   0.961E+13   0.145E+32   44.16  181.14    0.810    1.353    0.560
   0.750E-02   0.126E+14   0.209E+32   44.11  187.84    0.818    1.351    0.706
   0.998E-02   0.168E+14   0.307E+32   43.94  195.78    0.823    1.342    0.923
   0.125E-01   0.210E+14   0.416E+32   43.69  202.61    0.825    1.332    1.159
   0.165E-01   0.278E+14   0.602E+32   43.20  211.64    0.825    1.322    1.566
   0.214E-01   0.360E+14   0.846E+32   42.51  220.40    0.822    1.320    2.115
   0.242E-01   0.407E+14   0.993E+32   42.09  224.66    0.820    1.325    2.458
   0.279E-01   0.470E+14   0.120E+33   41.51  229.92    0.816    1.338    2.967
   0.319E-01   0.538E+14   0.144E+33   40.88  235.25    0.812    1.358    3.585
   0.363E-01   0.612E+14   0.172E+33   40.22  240.92    0.805    1.387    4.337
   0.399E-01   0.673E+14   0.196E+33   39.70  246.00    0.799    1.416    5.058
   0.446E-01   0.752E+14   0.230E+33   39.09  253.57    0.790    1.458    6.146
   0.484E-01   0.817E+14   0.260E+33   38.69  261.19    0.781    1.496    7.202
   0.523E-01   0.884E+14   0.293E+33   38.39  270.96    0.769    1.536    8.470
   0.563E-01   0.950E+14   0.328E+33   38.28  283.99    0.755    1.576   10.011
   0.602E-01   0.102E+15   0.365E+33   38.46  302.07    0.738    1.615   11.914
   0.642E-01   0.108E+15   0.405E+33   39.12  328.49    0.716    1.650   14.323
   0.672E-01   0.114E+15   0.437E+33   40.15  357.69    0.696    1.672   16.606
   0.702E-01   0.119E+15   0.470E+33   42.05  401.65    0.670    1.686   19.501
   0.732E-01   0.124E+15   0.505E+33   45.72  476.25    0.635    1.685   23.393
   0.752E-01   0.127E+15   0.529E+33   50.49  566.65    0.604    1.662   26.996
   0.760E-01   0.128E+15   0.537E+33   53.16  615.84    0.590    1.644   28.603
   0.771E-01   0.130E+15   0.537E+33    0.00    0.00    0.965    2.159
   0.800E-01   0.135E+15   0.583E+33    0.00    0.00    0.964    2.217
   0.850E-01   0.144E+15   0.668E+33    0.00    0.00    0.963    2.309
   0.900E-01   0.152E+15   0.764E+33    0.00    0.00    0.962    2.394
   0.100E+00   0.169E+15   0.991E+33    0.00    0.00    0.960    2.539
   0.110E+00   0.186E+15   0.127E+34    0.00    0.00    0.958    2.655
   0.120E+00   0.204E+15   0.161E+34    0.00    0.00    0.956    2.708
   0.130E+00   0.221E+15   0.200E+34    0.00    0.00    0.954    2.746
   0.160E+00   0.272E+15   0.359E+34    0.00    0.00    0.947    2.905
   0.190E+00   0.324E+15   0.597E+34    0.00    0.00    0.942    2.990
   0.220E+00   0.377E+15   0.928E+34    0.00    0.00    0.938    3.025
   0.250E+00   0.430E+15   0.137E+35    0.00    0.00    0.935    3.035
   0.280E+00   0.484E+15   0.193E+35    0.00    0.00    0.933    3.032
   0.310E+00   0.538E+15   0.262E+35    0.00    0.00    0.931    3.023
   0.340E+00   0.593E+15   0.347E+35    0.00    0.00    0.929    3.012
   0.370E+00   0.650E+15   0.447E+35    0.00    0.00    0.928    2.999
   0.400E+00   0.707E+15   0.565E+35    0.00    0.00    0.927    2.987
   0.430E+00   0.765E+15   0.700E+35    0.00    0.00    0.926    2.975
   0.460E+00   0.824E+15   0.856E+35    0.00    0.00    0.926    2.964
   0.490E+00   0.885E+15   0.103E+36    0.00    0.00    0.925    2.953
   0.520E+00   0.947E+15   0.123E+36    0.00    0.00    0.924    2.943
   0.550E+00   0.101E+16   0.145E+36    0.00    0.00    0.923    2.933
   0.580E+00   0.107E+16   0.169E+36    0.00    0.00    0.923    2.924
   0.610E+00   0.114E+16   0.196E+36    0.00    0.00    0.922    2.916
   0.640E+00   0.121E+16   0.226E+36    0.00    0.00    0.921    2.908
   0.670E+00   0.128E+16   0.258E+36    0.00    0.00    0.920    2.900
   0.700E+00   0.135E+16   0.293E+36    0.00    0.00    0.919    2.893
   0.750E+00   0.147E+16   0.357E+36    0.00    0.00    0.917    2.881
   0.800E+00   0.160E+16   0.430E+36    0.00    0.00    0.915    2.869
   0.850E+00   0.173E+16   0.511E+36    0.00    0.00    0.912    2.858
   0.900E+00   0.187E+16   0.602E+36    0.00    0.00    0.909    2.847
   0.950E+00   0.201E+16   0.702E+36    0.00    0.00    0.906    2.836
   0.100E+01   0.216E+16   0.811E+36    0.00    0.00    0.902    2.824
   0.110E+01   0.248E+16   0.106E+37    0.00    0.00    0.893    2.801
   0.120E+01   0.283E+16   0.135E+37    0.00    0.00    0.883    2.778
   0.130E+01   0.320E+16   0.169E+37    0.00    0.00    0.872    2.754
   0.140E+01   0.361E+16   0.207E+37    0.00    0.00    0.860    2.731
   0.150E+01   0.405E+16   0.249E+37    0.00    0.00    0.846    2.708
